
strategic_region={
	id=10
	name="STRATEGICREGION_10"
	provinces={
		63 92 136 161 258 377 548 728 732 831 839 851 880 972 1038 1079 1087 1148 1179 1225 1289 1290 1325 1344 1416 1432 1597 1696 1711 1784 1818 1858 2019 2043 2049 2131 2146 2232 2258 2653 2659 2662 2676 2677 2691 2693 2697 2702 2703 2715 2718 2719 2726 2734 2735 2736 2738 2740 2743 2747 2751 2752 2761 2762 2766 2767 2769 2771 2777 2783 2784 3283 3286 3289 3290 3291 
	}
	weather={
		period={
			between={ 0.0 0.0 }
			temperature={ -10.0 35.0 }
			no_phenomenon=1.500
			rain_light=0.600
			rain_heavy=0.400
			snow=0.000
			blizzard=0.000
			arctic_water=0.000
			mud=0.000
			sandstorm=0.000
			min_snow_level=0.000
		}
	}
}
