
strategic_region={
	id=11
	name="STRATEGICREGION_11"
	provinces={
		153 307 369 636 640 682 767 779 817 912 922 938 963 967 1027 1074 1080 1125 1142 1185 1237 1278 1319 1345 1356 1358 1408 1426 1436 1467 1476 1486 1520 1568 1574 1585 1598 1635 1661 1681 1702 1743 1779 1841 1896 1898 1961 1983 1986 2042 2175 2177 2190 2211 2226 2228 2309 2776 2797 2801 2811 2825 2828 2831 2841 2849 2851 2856 2858 2865 2867 2881 2890 2891 2895 2896 2901 2904 2905 2908 2909 2910 2914 2924 2926 2928 2930 2931 2932 4658 4659 4660 4661 4662 4663 4664 4665 4666 4667 4668 4669 4670 4671 4672 4673 4674 4675 4676 4677 4678 4679 
	}
	weather={
		period={
			between={ 0.0 30.11 }
			temperature={ 35.0 50.0 }
			no_phenomenon=1.500
			rain_light=0.000
			rain_heavy=0.000
			snow=0.000
			blizzard=0.000
			arctic_water=0.000
			mud=0.000
			sandstorm=0.200
			min_snow_level=0.000
		}
	}
}
