
strategic_region={
	id=13
	name="STRATEGICREGION_13"
	provinces={
		5 8 40 42 53 58 59 70 75 80 88 103 105 107 123 128 137 141 162 193 199 204 218 220 223 224 228 234 246 251 254 259 260 273 285 288 311 313 315 317 321 322 326 327 334 337 351 352 356 360 365 368 371 383 386 394 413 423 427 431 443 447 450 467 468 474 493 511 522 542 555 558 559 561 581 585 590 601 608 609 615 616 626 646 648 657 661 672 674 678 683 686 694 695 701 703 704 719 723 736 741 750 751 753 756 759 778 781 786 788 803 816 826 836 852 856 868 871 872 873 876 902 905 915 921 932 933 942 951 952 954 959 973 976 977 980 985 989 990 992 1013 1015 1018 1033 1035 1039 1041 1042 1051 1053 1056 1068 1089 1108 1116 1118 1123 1124 1152 1159 1161 1175 1189 1202 1208 1212 1215 1216 1223 1233 1234 1250 1260 1264 1266 1272 1280 1286 1296 1297 1299 1302 1307 1308 1326 1342 1351 1355 1360 1369 1370 1382 1385 1387 1391 1396 1412 1414 1431 1435 1438 1442 1447 1450 1451 1452 1453 1462 1465 1469 1481 1513 1519 1524 1539 1542 1545 1547 1556 1559 1562 1577 1578 1596 1608 1610 1614 1620 1622 1637 1638 1651 1660 1662 1670 1679 1684 1690 1695 1701 1706 1717 1721 1729 1736 1741 1748 1749 1750 1755 1756 1760 1765 1766 1774 1780 1785 1786 1798 1805 1807 1822 1830 1832 1840 1842 1851 1860 1864 1866 1875 1882 1883 1890 1894 1895 1904 1910 1927 1928 1929 1931 1932 1941 1942 1946 1955 1971 1980 1985 1990 1995 1997 2000 2008 2010 2015 2018 2022 2025 2032 2035 2036 2050 2063 2067 2076 2077 2079 2080 2081 2086 2087 2089 2092 2096 2101 2110 2115 2116 2119 2120 2123 2124 2125 2128 2140 2145 2147 2157 2162 2164 2165 2166 2167 2170 2172 2174 2178 2180 2181 2182 2185 2191 2197 2198 2201 2203 2205 2221 2222 2224 2227 2231 2237 2241 2247 2249 2250 2253 2269 2270 2271 2273 2276 2281 2284 2293 2294 2298 2305 2308 2316 2319 2320 2461 2467 2472 2478 2479 2487 2489 2497 2510 2516 2517 2522 2527 2534 2535 2538 2539 2541 2542 2543 2549 2551 2555 2558 2559 2562 2566 2567 2572 2573 2581 2584 2585 2592 2593 2595 2603 2607 2608 2610 2611 2615 2617 2620 2626 2630 2631 2632 2635 2645 2651 2652 2654 2655 2658 2661 2665 2669 2672 2673 2674 2678 2679 2681 2682 2683 2686 2688 2694 2696 2698 2700 2708 2711 2712 2713 2716 2717 2721 2722 2723 2724 2725 2730 2737 2741 2746 2748 2749 2753 2754 2756 2757 2759 2763 2764 2765 2770 2773 2775 2780 2781 2782 2786 2788 2790 2791 2793 2798 2799 2800 2802 2803 2804 2805 2806 2807 2808 2813 2814 2815 2816 2818 2819 2820 2821 2822 2824 2826 2829 2830 2834 2835 2837 2839 2842 2843 2844 2847 2850 2853 2854 2855 2859 2860 2861 2863 2866 2869 2871 2872 2873 2874 2875 2876 2877 2878 2880 2882 2883 2884 2885 2886 2887 2892 2898 2899 2903 2906 2913 2915 2916 2917 2920 2921 2925 2935 2942 2945 2949 2976 2979 3239 3299 3300 3301 3303 3304 3305 4602 4603 4605 4606 4607 4608 4612 
	}
	weather={
		period={
			between={ 0.0 0.0 }
			temperature={ -10.0 35.0 }
			no_phenomenon=1.500
			rain_light=0.250
			rain_heavy=0.100
			snow=0.000
			blizzard=0.000
			arctic_water=0.000
			mud=0.000
			sandstorm=0.000
			min_snow_level=0.000
		}
	}
}
