
strategic_region={
	id=15
	name="STRATEGICREGION_15"
	provinces={
		86 283 306 367 405 546 568 598 639 748 882 949 950 1055 1112 1129 1167 1270 1283 1287 1434 1500 1586 1599 1602 1672 1678 1715 1811 1871 2029 2074 2141 2154 2186 2194 2229 2257 3046 3056 3061 3078 3102 3106 3111 3127 3324 3331 3345 3347 3348 3352 3353 3357 3360 3369 3373 3375 3380 3381 3382 3383 3384 
	}
	weather={
		period={
			between={ 0.0 0.0 }
			temperature={ -10.0 35.0 }
			no_phenomenon=1.500
			rain_light=0.250
			rain_heavy=0.100
			snow=0.000
			blizzard=0.000
			arctic_water=0.000
			mud=0.000
			sandstorm=0.000
			min_snow_level=0.000
		}
	}
}
