
strategic_region={
	id=16
	name="STRATEGICREGION_16"
	provinces={
		2 15 27 31 36 44 69 84 85 96 99 101 108 120 124 143 146 149 152 156 157 171 181 183 191 200 201 212 214 219 222 225 245 248 256 265 269 271 275 279 282 286 293 296 312 320 324 331 350 354 357 374 378 387 390 395 398 416 418 422 435 438 440 448 455 463 469 478 484 487 489 491 495 500 504 515 521 523 528 536 537 539 540 566 570 573 600 602 605 606 614 620 623 629 631 641 650 651 664 666 671 679 681 691 692 702 708 713 715 726 727 730 731 735 768 776 780 782 790 804 807 810 811 819 824 829 830 832 837 846 854 855 862 865 870 875 892 901 904 909 913 917 924 926 927 935 939 943 965 981 986 997 998 1002 1007 1011 1020 1021 1022 1024 1028 1059 1060 1061 1062 1071 1084 1088 1090 1092 1096 1097 1101 1107 1111 1128 1130 1133 1134 1135 1137 1151 1158 1164 1174 1191 1192 1194 1199 1231 1241 1243 1249 1257 1273 1291 1295 1304 1305 1314 1316 1318 1323 1327 1334 1343 1347 1350 1354 1359 1374 1377 1379 1390 1394 1399 1401 1402 1423 1430 1445 1446 1459 1466 1468 1472 1475 1477 1485 1487 1498 1517 1529 1533 1536 1550 1558 1563 1575 1580 1587 1588 1592 1624 1643 1644 1646 1657 1667 1716 1719 1726 1735 1757 1759 1761 1771 1782 1791 1796 1800 1802 1804 1806 1812 1815 1819 1828 1829 1836 1838 1839 1855 1865 1880 1884 1885 1886 1917 1919 1920 1930 1935 1947 1948 1954 1959 1962 1969 1975 1979 2003 2012 2023 2030 2039 2053 2056 2057 2064 2075 2090 2098 2105 2113 2121 2135 2137 2138 2144 2150 2160 2163 2176 2183 2188 2193 2200 2207 2236 2240 2251 2263 2283 2285 2292 2302 2310 2314 2318 3075 3079 3089 3091 3098 3100 3101 3107 3110 3113 3114 3116 3118 3119 3120 3122 3123 3125 3126 3128 3129 3131 3132 3135 3137 3139 3140 3141 3142 3144 3146 3147 3149 3150 3151 3152 3153 3154 3155 3156 3157 3158 3160 3161 3162 3163 3164 3165 3166 3167 3168 3169 3170 3171 3172 3173 3174 3175 3176 3177 3178 3179 3180 3181 3182 3183 3184 3185 3186 3187 3188 3189 3190 3191 3192 3193 3194 3195 3196 3197 3198 3199 3200 3201 3202 3203 3204 3205 3206 3207 3208 3213 3335 3336 3337 3338 3339 3341 3342 3343 3346 3354 3355 3358 3361 3362 3365 3371 3377 3378 3379 3385 3386 4613 4614 
	}
	weather={
		period={
			between={ 0.0 0.0 }
			temperature={ -10.0 35.0 }
			no_phenomenon=1.500
			rain_light=0.250
			rain_heavy=0.100
			snow=0.000
			blizzard=0.000
			arctic_water=0.000
			mud=0.000
			sandstorm=0.000
			min_snow_level=0.000
		}
	}
}
