
strategic_region={
	id=17
	name="STRATEGICREGION_17"
	provinces={
		7 9 10 11 25 26 29 33 48 52 55 71 87 104 110 112 113 114 119 121 125 126 127 133 140 150 160 164 170 175 182 185 190 192 195 197 205 206 210 216 232 233 238 241 247 253 257 262 268 272 274 276 284 290 295 302 303 308 310 323 325 338 339 340 347 364 366 373 375 388 399 401 403 404 406 410 420 424 425 432 437 444 449 460 464 472 473 477 488 490 492 496 512 526 529 550 554 560 567 575 576 584 594 596 603 607 617 622 624 625 642 652 653 658 662 669 673 689 690 709 711 712 716 720 738 746 754 773 774 792 794 806 809 814 815 822 828 840 858 860 878 885 890 891 903 907 910 911 916 923 925 928 936 937 953 955 970 971 1012 1017 1031 1047 1052 1070 1072 1075 1078 1082 1086 1099 1104 1122 1126 1144 1145 1162 1168 1180 1182 1187 1206 1209 1210 1211 1214 1224 1242 1256 1258 1269 1277 1303 1317 1322 1333 1336 1353 1361 1371 1372 1381 1383 1392 1398 1400 1404 1407 1411 1418 1421 1422 1424 1488 1503 1515 1576 1581 1612 1623 1633 1650 1655 1659 1664 1671 1674 1675 1685 1687 1707 1712 1731 1754 1767 1788 1792 1795 1801 1816 1820 1878 1889 1892 1913 1916 1923 1925 1936 1949 1953 1978 1991 1996 2028 2031 2044 2047 2066 2068 2078 2094 2095 2099 2107 2108 2117 2133 2134 2142 2161 2189 2209 2216 2217 2230 2238 2243 2252 2256 2266 2267 2275 2280 2282 2286 2296 2317 2449 2490 2503 2524 2525 2529 2569 2574 2576 2582 2596 2600 2641 2644 2648 2656 2671 2684 2685 2687 2709 2720 2727 2728 2733 2742 2744 2745 2760 2768 2778 2789 2795 2796 2817 2827 2832 2845 2852 2888 2893 2897 2923 2933 2934 2937 2954 2961 2963 2965 2968 2973 2974 2982 2983 2987 2992 2999 3001 3006 3011 3019 3251 4594 4598 4600 4601 
	}
	weather={
		period={
			between={ 0.0 0.0 }
			temperature={ -10.0 35.0 }
			temperature_day_night={ 2.0 -2.0 }
			no_phenomenon=1.500
			rain_light=0.250
			rain_heavy=0.100
			snow=0.000
			blizzard=0.000
			arctic_water=0.000
			mud=0.000
			sandstorm=0.000
			min_snow_level=0.000
		}
	}
}
