
strategic_region={
	id=18
	name="STRATEGICREGION_18"
	provinces={
		16 21 74 115 189 266 280 342 358 565 574 593 714 834 886 889 944 956 982 993 994 1045 1115 1136 1138 1149 1156 1197 1205 1315 1321 1340 1373 1419 1420 1427 1448 1470 1489 1499 1540 1552 1555 1584 1609 1618 1621 1703 1705 1724 1738 1803 1826 1849 1853 1857 1861 1869 1909 1940 1984 2014 2026 2055 2111 2168 2173 2204 2208 2244 2245 2254 2879 2929 2936 2940 2944 2947 2950 2951 2953 2956 2955 2957 2958 2960 2964 2967 2969 2977 2978 2980 2981 2985 2989 2990 2991 2994 2995 2997 2998 3000 3003 3004 3005 3009 3010 3013 3014 3015 3017 3020 3021 3022 3023 3030 3295 3326 3327 
	}
	weather={
		period={
			between={ 0.0 0.0 }
			temperature={ -10.0 35.0 }
			no_phenomenon=1.500
			rain_light=0.250
			rain_heavy=0.100
			snow=0.000
			blizzard=0.000
			arctic_water=0.000
			mud=0.000
			sandstorm=0.000
			min_snow_level=0.000
		}
	}
}
