
strategic_region={
	id=19
	name="STRATEGICREGION_19"
	provinces={
		4 14 17 23 28 54 66 106 109 116 158 172 188 235 239 242 263 264 277 412 430 434 462 470 483 497 508 531 534 538 579 583 604 613 649 668 725 733 743 765 766 784 787 808 887 966 1008 1026 1034 1036 1049 1065 1073 1100 1173 1184 1218 1328 1413 1494 1530 1549 1579 1595 1692 1775 1783 1789 1790 1847 1879 2024 2202 2300 2303 3085 3087 3096 3103 3112 3115 3117 3121 3124 3130 3133 3134 3136 3138 3143 3145 3148 3159 3368 
	}
	weather={
		period={
			between={ 0.0 0.0 }
			temperature={ -10.0 35.0 }
			temperature_day_night={ 2.0 -2.0 }
			no_phenomenon=1.500
			rain_light=0.250
			rain_heavy=0.100
			snow=0.000
			blizzard=0.000
			arctic_water=0.000
			mud=0.000
			sandstorm=0.000
			min_snow_level=0.000
		}
	}
}
