
strategic_region={
	id=2
	name="STRATEGICREGION_2"
	provinces={
		30 45 51 90 94 95 117 135 155 159 230 267 281 457 461 580 612 680 698 737 841 863 869 958 983 996 1085 1095 1177 1195 1267 1310 1337 1362 1376 1378 1395 1417 1535 1553 1554 1571 1600 1615 1697 1768 1823 1967 1970 2071 2129 2210 2264 2323 2324 2325 2326 2327 2328 2329 2330 2331 2332 2333 2334 2335 2336 2337 2338 2339 2341 2342 2343 2344 2346 2348 3209 3210 4628 4629 4630 4631 4632 4633 4634 4635 4636 4637 4638 4639 4640 4641 4642 4643 4644 4645 4646 4647 4648 4649 4650 4651 4652 4653 4654 4655 4656 4657
	}
	weather={
		period={
			between={ 0.0 30.11 }
			temperature={ -50.0 -15.0 }
			temperature_day_night={ 5.0 -5.0 }
			no_phenomenon=1.500
			rain_light=0.250
			rain_heavy=0.100
			snow=0.600
			blizzard=0.150
			arctic_water=0.000
			mud=0.000
			sandstorm=0.000
			min_snow_level=1.000
		}
	}
}
