
strategic_region={
	id=20
	name="STRATEGICREGION_20"
	provinces={
		1 3 6 13 18 20 24 32 34 35 37 38 39 41 43 46 47 49 50 56 57 60 61 65 67 68 72 73 76 78 79 81 83 89 91 93 98 100 102 111 118 129 131 132 134 139 144 145 147 148 151 154 163 165 168 169 173 174 176 177 178 186 187 194 196 198 203 208 209 211 213 221 227 229 231 236 240 244 249 250 252 261 270 278 287 289 294 299 300 304 305 309 316 319 328 330 335 336 343 344 345 359 361 362 363 370 379 381 382 384 385 389 393 396 397 400 402 407 411 414 417 419 421 426 433 436 439 451 452 453 454 456 459 465 475 476 479 480 481 482 486 494 498 499 502 503 506 509 510 513 514 516 517 518 519 524 530 532 533 535 541 545 549 551 552 553 557 569 571 572 577 578 582 587 588 589 591 595 597 610 611 618 621 627 628 630 632 634 638 644 645 647 655 656 665 675 676 677 693 697 699 700 710 717 718 729 740 742 744 745 747 755 757 761 762 763 769 770 771 772 775 777 783 785 789 791 795 796 805 812 813 820 823 825 827 833 838 843 844 845 848 850 857 861 864 866 877 881 883 884 888 893 894 896 898 899 914 918 919 930 934 941 946 947 968 969 974 978 979 988 991 995 999 1001 1004 1005 1006 1010 1016 1019 1025 1044 1050 1057 1063 1066 1069 1076 1081 1083 1093 1094 1098 1102 1106 1109 1113 1114 1117 1119 1121 1127 1131 1140 1163 1170 1178 1181 1188 1193 1200 1207 1217 1220 1226 1228 1229 1230 1232 1236 1240 1244 1245 1247 1248 1254 1255 1262 1271 1274 1282 1284 1288 1292 1293 1294 1298 1309 1312 1320 1324 1329 1339 1346 1357 1363 1364 1365 1366 1367 1368 1386 1397 1403 1406 1415 1429 1433 1437 1441 1443 1449 1454 1457 1461 1463 1473 1479 1482 1483 1484 1491 1495 1496 1497 1509 1511 1512 1514 1521 1523 1527 1532 1537 1548 1561 1565 1566 1569 1570 1572 1583 1601 1604 1613 1617 1625 1627 1628 1629 1631 1632 1639 1647 1649 1652 1654 1656 1666 1669 1680 1682 1686 1688 1691 1694 1713 1714 1720 1722 1723 1730 1739 1742 1744 1747 1751 1752 1753 1758 1769 1770 1772 1776 1793 1817 1821 1827 1837 1843 1845 1846 1852 1854 1856 1859 1881 1897 1901 1902 1905 1918 1924 1950 1951 1952 1963 1964 1989 1999 2004 2006 2033 2037 2059 2088 2091 2093 2102 2106 2114 2127 2136 2139 2153 2156 2214 2220 2223 2235 2239 2246 2268 2272 2277 2287 2297 2315 2433 2440 2454 2470 2471 2481 2482 2488 2500 2509 2519 2523 2531 2540 2544 2547 2554 2565 2577 2579 2587 2594 2614 2618 2619 2627 2634 2637 2638 2639 2649 2650 2660 2666 2667 2668 2699 2701 2704 2705 2710 2729 2731 2750 2758 2774 2787 2794 2809 2836 2838 2840 2848 2864 2889 2894 2902 2907 2918 2919 2927 2938 2941 2943 2946 2948 2959 2962 2966 2970 2971 2975 2984 2986 2988 2993 2996 3002 3007 3008 3012 3016 3018 3024 3025 3026 3027 3029 3031 3033 3035 3036 3037 3040 3042 3043 3044 3045 3047 3048 3049 3051 3052 3053 3054 3055 3057 3058 3059 3062 3063 3064 3065 3066 3067 3068 3069 3070 3071 3072 3076 3077 3080 3081 3082 3083 3086 3088 3090 3092 3093 3094 3095 3097 3099 3104 3105 3108 3109 3282 3323 3370 3372 3374 3376 4590 4591 4592 4593 4604 4609 4610 4611 
	}
	weather={
		period={
			between={ 0.0 0.0 }
			temperature={ -10.0 35.0 }
			no_phenomenon=1.500
			rain_light=0.250
			rain_heavy=0.100
			snow=0.000
			blizzard=0.000
			arctic_water=0.000
			mud=0.000
			sandstorm=0.000
			min_snow_level=0.000
		}
	}
}
