
strategic_region={
	id=28
	name="STRATEGICREGION_28"
	provinces={
		3394 3396 3401 3407 3412 3413 3418 3422 3425 3440 3443 3456 3460 3481 3483 3486 3490 3493 3502 3515 3521 3526 3540 3551 3567 3570 3592 3594 3608 3610 3617 3619 3627 3636 3638 3641 3653 3675 3678 3698 3755 3756 3772 3775 3776 3778 3788 3794 3827 3834 3838 3842 3857 3878 3881 3884 3886 3900 3914 3915 3918 3922 3931 3936 3941 3954 3965 3976 3982 3984 3986 3992 4002 4016 4023 4024 4036 4048 4049 4051 4053 4055 4057 4066 4071 4072 4076 4095 4096 4097 4103 4104 4131 4137 4148 4152 4157 4164 4167 4173 4193 4201 4211 4233 4236 4238 4242 4244 4252 4255 4272 4288 4289 4313 4328 4335 4336 4343 4361 4362 4365 4379 4389 4405 4417 4421 4423 4438 4442 4464 4468 4472 4494 4495 4506 4507 4510 4511 4515 4516 4518 4521 4522 4527 
	}
	naval_terrain=water_deep_ocean
	weather={
		period={
			between={ 0.0 0.0 }
			temperature={ -10.0 35.0 }
			temperature_day_night={ 2.0 -2.0 }
			no_phenomenon=1.500
			rain_light=0.250
			rain_heavy=0.100
			snow=0.000
			blizzard=0.000
			arctic_water=0.000
			mud=0.000
			sandstorm=0.000
			min_snow_level=0.000
		}
	}
}
