
strategic_region={
	id=29
	name="STRATEGICREGION_29"
	provinces={
		3395 3402 3408 3427 3444 3452 3462 3475 3479 3488 3505 3509 3513 3529 3534 3546 3548 3561 3564 3572 3578 3583 3626 3639 3642 3646 3664 3681 3690 3694 3695 3704 3710 3712 3715 3718 3723 3732 3733 3738 3746 3751 3766 3767 3789 3799 3807 3814 3821 3823 3828 3832 3839 3844 3855 3888 3891 3901 3902 3909 3911 3925 3929 3932 3934 3956 3963 3972 3973 3974 3981 3985 3990 3994 4004 4005 4012 4019 4031 4034 4040 4059 4068 4073 4080 4098 4100 4116 4118 4123 4133 4135 4139 4143 4144 4153 4160 4170 4171 4192 4196 4207 4215 4230 4231 4241 4254 4257 4258 4271 4274 4278 4292 4293 4294 4295 4307 4341 4345 4349 4376 4377 4393 4397 4398 4400 4412 4418 4432 4435 4465 4467 4469 4470 4471 4481 4489 4500 4502 4508 4509 4519 4526 4533 4534 4538 4544 4545 4548 4549 4554 
	}
	naval_terrain=water_deep_ocean
	weather={
		period={
			between={ 0.0 0.0 }
			temperature={ -10.0 35.0 }
			temperature_day_night={ 2.0 -2.0 }
			no_phenomenon=1.500
			rain_light=0.250
			rain_heavy=0.100
			snow=0.000
			blizzard=0.000
			arctic_water=0.000
			mud=0.000
			sandstorm=0.000
			min_snow_level=0.000
		}
	}
}
