
strategic_region={
	id=3
	name="STRATEGICREGION_3"
	provinces={
		19 62 64 77 82 130 167 180 202 226 237 255 314 341 355 471 501 507 525 543 562 643 654 685 687 688 707 721 749 800 801 802 842 874 897 920 931 945 961 964 984 987 1000 1009 1014 1023 1029 1040 1048 1064 1067 1120 1132 1141 1146 1155 1160 1165 1166 1169 1183 1196 1198 1222 1227 1238 1239 1246 1251 1253 1263 1265 1276 1279 1306 1311 1313 1331 1332 1348 1384 1388 1389 1405 1439 1478 1480 1492 1493 1505 1506 1508 1518 1522 1526 1531 1541 1543 1546 1557 1567 1573 1582 1591 1593 1607 1626 1634 1640 1648 1653 1658 1665 1673 1677 1689 1693 1704 1708 1718 1725 1732 1734 1737 1740 1746 1763 1773 1777 1797 1813 1825 1834 1844 1863 1867 1868 1872 1876 1887 1888 1903 1907 1922 1933 1938 1943 1957 1965 1966 1968 1976 1977 1988 1992 1993 2007 2009 2034 2038 2040 2041 2045 2046 2052 2058 2061 2062 2065 2082 2083 2084 2097 2100 2143 2148 2155 2159 2169 2171 2187 2192 2195 2196 2206 2212 2225 2233 2255 2259 2278 2288 2290 2301 2306 2312 2340 2345 2351 2352 2353 2354 2355 2356 2357 2358 2359 2360 2361 2362 2363 2364 2365 2366 2367 2368 2370 2371 2372 2373 2374 2375 2376 2377 2379 2380 2381 2383 2385 2386 2387 2388 2389 2390 2391 2394 2395 2396 2397 2399 2400 2402 2403 2404 2405 2406 2407 2408 2410 2412 2413 2414 2415 2416 2417 2418 2419 2420 2421 2422 2423 2424 2425 2426 2427 2428 2429 2430 2431 2432 2434 2436 2437 2438 2439 2441 2442 2443 2444 2445 2446 2447 2448 2450 2451 2452 2453 2455 2456 2457 2458 2459 2460 2462 2463 2464 2466 2469 2474 2475 2857 2868 3211 3226 3228 3229 3230 4595 4596 4597 4681 4682 4683 4684 4685
	}
	weather={
		period={
			between={ 0.0 30.11 }
			temperature={ -15.0 15.0 }
			no_phenomenon=1.500
			rain_light=0.250
			rain_heavy=0.100
			snow=0.200
			blizzard=0.000
			arctic_water=0.000
			mud=0.000
			sandstorm=0.000
			min_snow_level=0.400
		}
	}
}
