
strategic_region={
	id=30
	name="STRATEGICREGION_30"
	provinces={
		3389 3391 3393 3400 3419 3420 3433 3472 3484 3498 3500 3516 3519 3522 3542 3545 3549 3566 3577 3586 3590 3604 3628 3643 3650 3666 3672 3686 3700 3719 3739 3742 3770 3774 3782 3801 3818 3836 3843 3848 3887 3921 3926 3945 3946 4035 4042 4054 4056 4058 4063 4065 4077 4078 4079 4082 4083 4091 4102 4114 4127 4128 4129 4130 4151 4183 4188 4195 4199 4212 4263 4266 4267 4285 4287 4297 4298 4314 4319 4332 4340 4348 4352 4358 4363 4381 4385 4392 4399 4407 4409 4414 4420 4424 4449 4456 4462 4482 4496 4497 4499 4563 4564 4570 4574 4576 4578 4579 4582 4584 4585 
	}
	naval_terrain=water_deep_ocean
	weather={
		period={
			between={ 0.0 0.0 }
			temperature={ -10.0 35.0 }
			temperature_day_night={ 2.0 -2.0 }
			no_phenomenon=1.500
			rain_light=0.250
			rain_heavy=0.100
			snow=0.000
			blizzard=0.000
			arctic_water=0.000
			mud=0.000
			sandstorm=0.000
			min_snow_level=0.000
		}
	}
}
