
strategic_region={
	id=31
	name="STRATEGICREGION_31"
	provinces={
		3388 3399 3403 3405 3410 3414 3416 3423 3426 3428 3430 3432 3435 3436 3448 3451 3454 3457 3459 3461 3463 3470 3480 3487 3494 3495 3496 3497 3503 3504 3510 3512 3520 3525 3527 3530 3531 3532 3538 3544 3554 3555 3557 3559 3571 3574 3575 3579 3580 3584 3587 3588 3591 3596 3606 3620 3625 3640 3645 3647 3652 3656 3657 3659 3661 3665 3668 3670 3673 3676 3682 3688 3693 3716 3725 3728 3737 3741 3743 3744 3745 3752 3753 3759 3760 3764 3769 3780 3781 3797 3812 3815 3816 3819 3826 3831 3837 3849 3859 3860 3861 3862 3866 3869 3871 3872 3876 3877 3889 3890 3894 3898 3899 3904 3910 3913 3916 3920 3928 3938 3940 3942 3944 3947 3950 3951 3967 3970 3978 3988 3996 4000 4006 4008 4010 4026 4028 4041 4044 4047 4069 4074 4085 4087 4093 4106 4107 4109 4110 4112 4119 4122 4126 4136 4155 4156 4158 4177 4180 4182 4185 4186 4189 4205 4218 4219 4221 4243 4250 4251 4259 4260 4261 4269 4279 4280 4282 4290 4296 4300 4303 4304 4308 4311 4316 4320 4322 4323 4327 4333 4334 4338 4346 4347 4353 4354 4356 4360 4366 4368 4369 4372 4378 4382 4390 4394 4396 4410 4416 4422 4426 4436 4437 4440 4443 4445 4448 4451 4453 4461 4466 4476 4479 4488 4498 4503 4557 4560 4565 4566 4569 4573 4575 4580 4581 4583 4586 4587 4588 
	}
	naval_terrain=water_deep_ocean
	weather={
		period={
			between={ 0.0 0.0 }
			temperature={ -10.0 35.0 }
			temperature_day_night={ 2.0 -2.0 }
			no_phenomenon=1.500
			rain_light=0.250
			rain_heavy=0.100
			snow=0.000
			blizzard=0.000
			arctic_water=0.000
			mud=0.000
			sandstorm=0.000
			min_snow_level=0.000
		}
	}
}
