
strategic_region={
	id=4
	name="STRATEGICREGION_4"
	provinces={
		12 97 142 207 243 298 346 442 520 667 821 879 1032 1103 1139 1171 1352 1425 1490 1510 1516 1538 1606 1616 1645 1676 1698 1733 1810 1831 1848 1850 1870 1906 1915 1945 1958 1972 1974 1982 2070 2104 2109 2130 2199 2242 2313 2480 2485 2499 2508 2511 2513 2520 2528 2532 2536 2545 2556 2557 2563 2564 2568 2571 2578 2589 2590 2598 2602 2604 2606 3276 4599 
	}
	weather={
		period={
			between={ 0.0 0.0 }
			temperature={ -10.0 35.0 }
			temperature_day_night={ 2.0 -2.0 }
			no_phenomenon=1.500
			rain_light=0.250
			rain_heavy=0.100
			snow=0.000
			blizzard=0.000
			arctic_water=0.000
			mud=0.000
			sandstorm=0.000
			min_snow_level=0.000
		}
	}
}
