
strategic_region={
	id=47
	name="STRATEGICREGION_47"
	provinces={
		3397 3417 3429 3431 3434 3438 3439 3441 3446 3449 3450 3453 3464 3465 3468 3474 3478 3485 3489 3506 3523 3528 3550 3560 3582 3589 3593 3595 3598 3600 3605 3607 3611 3612 3613 3616 3624 3644 3648 3658 3662 3674 3677 3683 3687 3701 3705 3706 3717 3721 3722 3726 3735 3783 3790 3800 3805 3806 3808 3809 3813 3817 3824 3825 3830 3845 3846 3864 3868 3893 3897 3903 3919 3939 3949 3952 3959 3964 3966 3969 3977 3979 3993 3995 3997 3999 4013 4018 4020 4030 4045 4050 4060 4062 4081 4086 4088 4090 4121 4138 4141 4150 4154 4161 4166 4184 4187 4198 4202 4208 4214 4225 4226 4245 4246 4264 4270 4286 4306 4318 4329 4337 4342 4357 4370 4374 4375 4384 4386 4391 4395 4413 4428 4430 4441 4446 4450 4457 4458 4459 4460 4474 4475 4483 4484 4485 4504 4512 4513 4525 4531 4535 4537 4539 4540 
	}
	naval_terrain=water_deep_ocean
	weather={
		period={
			between={ 0.0 0.0 }
			temperature={ -10.0 35.0 }
			temperature_day_night={ 2.0 -2.0 }
			no_phenomenon=1.500
			rain_light=0.250
			rain_heavy=0.100
			snow=0.000
			blizzard=0.000
			arctic_water=0.000
			mud=0.000
			sandstorm=0.000
			min_snow_level=0.000
		}
	}
}
