
strategic_region={
	id=5
	name="STRATEGICREGION_5"
	provinces={
		179 215 291 380 441 458 564 586 619 635 660 835 929 957 1110 1186 1203 1235 1259 1261 1281 1285 1341 1393 1409 1444 1474 1560 1594 1603 1611 1668 1683 1700 1787 1835 1900 1911 1914 1934 1956 1973 1987 2027 2060 2103 2112 2122 2151 2215 2295 2311 2465 2468 2473 2476 2477 2483 2484 2486 2491 2493 2494 2495 2501 2502 2505 2506 2507 2512 2514 2515 2521 2526 2530 2537 2546 2560 
	}
	weather={
		period={
			between={ 0.0 0.0 }
			temperature={ -10.0 35.0 }
			no_phenomenon=1.500
			rain_light=0.250
			rain_heavy=0.100
			snow=0.000
			blizzard=0.000
			arctic_water=0.000
			mud=0.000
			sandstorm=0.000
			min_snow_level=0.000
		}
	}
}
