
strategic_region={
	id=8
	name="STRATEGICREGION_8"
	provinces={
		292 547 659 760 847 906 962 1030 1143 1219 1335 1338 1410 1944 2016 2051 2234 2291 2553 2561 2575 2580 2583 2586 2599 2621 2623 2624 2629 2633 2642 2647 3277 3278 3279 3280 3281 4680 4686 4687 4688 4689 4690 4691 4692 4693 4694 4695 4696 4697 4698 4699 4700 4701 4702 4703 4704 4705 4706 4707 4708 4709 4710 4711 4712 4713 4714 4715 
	}
	weather={
		period={
			between={ 0.0 0.0 }
			temperature={ -10.0 35.0 }
			no_phenomenon=1.500
			rain_light=0.250
			rain_heavy=0.100
			snow=0.000
			blizzard=0.000
			arctic_water=0.000
			mud=0.000
			sandstorm=0.000
			min_snow_level=0.000
		}
	}
}
