
strategic_region={
	id=9
	name="STRATEGICREGION_9"
	provinces={
		166 184 301 329 349 408 429 466 592 637 722 797 849 853 900 940 960 1037 1043 1046 1172 1176 1204 1213 1221 1300 1301 1330 1455 1460 1471 1502 1504 1564 1590 1636 1641 1663 1709 1745 1762 1764 1778 1781 1794 1799 1809 1824 1862 1891 1899 1939 1994 2001 2011 2017 2048 2069 2118 2158 2213 2261 2265 2279 2289 2616 2625 2636 2657 2663 2664 2670 2675 2680 2689 2690 2692 2695 2706 2707 2714 2732 2739 2755 2772 2779 2785 2792 2810 2823 2833 2846 2862 2870 2912 2922 2939 3284 3285 3298
	}
	weather={
		period={
			between={ 0.0 0.0 }
			temperature={ -10.0 35.0 }
			no_phenomenon=1.500
			rain_light=0.250
			rain_heavy=0.100
			snow=0.000
			blizzard=0.000
			arctic_water=0.000
			mud=0.000
			sandstorm=0.000
			min_snow_level=0.000
		}
	}
}
