
state={
	id=284
	name="STATE_284"
	history={
		owner = UNL
		buildings = {
			infrastructure = 1
		}
		add_core_of = UNL
	}
	provinces={
		13 41 73 89 131 165 177 187 244 289 343 359 361 370 407 421 486 499 510 519 532 557 589 595 610 618 638 770 775 833 857 881 894 899 930 1050 1057 1113 1178 1244 1262 1293 1329 1346 1368 1429 1437 1484 1527 1532 1617 1656 1686 1730 1742 1747 1758 1845 1881 2006 2246 2287 2523 2544 2547 2579 2587 2594 2634 2637 2638 2667 2710 2729 2731 
	}
	manpower=100000
	buildings_max_level_factor=1.000
	state_category=rural
	local_supplies=0.000
}
