state={
	id=296
	name="STATE_296"

	history={
		owner = VOL
		buildings = {
			infrastructure = 3
			industrial_complex = 4
			arms_factory = 2
			dockyard = 2

		}
		add_core_of = VOL

	}

	provinces={
		8 220 254 321 326 327 337 365 386 468 542 558 581 608 648 657 683 686 695 703 741 868 872 876 902 933 951 952 985 990 1035 1041 1123 1175 1233 1308 1326 1351 1360 1385 1452 1465 1577 1610 1721 1749 1760 1774 1786 1798 1851 1866 1883 1895 1928 1929 1942 1971 1997 2008 2025 2063 2076 2081 2092 2096 2116 2120 2147 2157 2165 2167 2170 2172 2191 2203 2205 2231 2270 2273 2284 2305 2308 2686 2716 2721 2722 2723 2737 2753 2754 2756 2757 2770 2790 2808 2816 2818 2822 2842 2843 2844 2850 2854 2860 2866 2869 2872 2874 2877 2880 2883 2884 2885 2887 2892 2899 2916 2917 2920 2921 2935 2945 2976 2979 4612
	}
	manpower=100000
	buildings_max_level_factor=1.000
	state_category=rural
	local_supplies=0.0
}
