
state={
	id=315
	name="STATE_315"

	history={
		owner = ASS
		buildings = {
			infrastructure = 1
			industrial_complex = 2
			arms_factory = 1
			dockyard = 2
		}
		add_core_of = ASS
		#victory_points = {
		#	2234 30
		#}
	}
	
	resources = {
		# Asshai
		oil = 0       # Grain
		rubber = 0    # Timber
		aluminium = 0 # Copper
		steel = 0     # Iron
		tungsten = 5  # Gold
		chromium = 5  # Silver
	}


	provinces={
		79 81 118 144 145 148 163 211 231 236 287 316 362 382 384 385 456 459 479 513 517 533 541 552 572 611 634 676 697 718 757 772 783 813 864 866 918 978 988 1006 1010 1016 1063 1066 1083 1102 1114 1121 1163 1181 1230 1247 1254 1292 1294 1363 1365 1366 1433 1441 1454 1463 1483 1495 1523 1566 1604 1629 1639 1652 1688 1691 1714 1720 1723 1744 1753 1776 1821 1827 1843 1856 1902 1905 1924 1950 1964 1989 1999 2033 2059 2102 2114 2127 2136 2139 2220 2223 2235 2268 2277 2315 2996 3007 3012 3025 3026 3029 3035 3036 3037 3042 3044 3045 3047 3049 3051 3052 3053 3055 3057 3058 3059 3062 3063 3064 3065 3067 3068 3069 3070 3071 3072 3077 3080 3081 3082 3083 3086 3088 3090 3092 3093 3094 3095 3097 3099 3104 3105 3108 3109 4590
	}
	manpower=100000
	buildings_max_level_factor=1.000
	state_category=city
	local_supplies=0.000
}
